[gd_scene load_steps=4 format=2]

[ext_resource path="res://BossFight/JumpPath.gd" type="Script" id=1]

[sub_resource type="Curve3D" id=1]
_data = {
"points": PoolVector3Array( 0, 0, 0, 0, 0, 0, 0, -16.2788, 67.5109, 0, 0, 0, 0, 0, 0, 0, -3.19629, 60.3525, 0, 0, 0, 0, 0, 0, 0, 8.8989, 52.9473, 0, 0, 0, 0, 0, 0, 0, 20.7472, 44.6781, 0, 0, 0, 0, 0, 0, 0, 30.4974, 35.1748, 0, 0, 0, 0, 0, 0, 0, 35.1874, 23.6967, 0, 0, 0, 0, 0, 0, 0, 37.0387, 13.0826, 0, 0, 0, 0, 0, 0, 0, 38.1495, -0.370262, 0, 0, 0, 0, 0, 0, 0, 36.545, -13.6997, 0, 0, 0, 0, 0, 0, 0, 32.8424, -23.0796, 0, 0, 0, 0, 0, 0, 0, 26.6714, -30.7317, 0, 0, 0, 0, 0, 0, 0, 18.8959, -39.6179, 0, 0, 0, 0, 0, 0, 0, 10.2565, -47.0231, 0, 0, 0, 0, 0, 0, 0, 1.12342, -53.441, 0, 0, 0, 0, 0, 0, 0, -9.73756, -59.9823, 0, 0, 0, 0, 0, 0, 0, -16.2788, -63.6849 ),
"tilts": PoolRealArray( 0, 0, 0, 0, 0, 0, 0, 0, 0, 0, 0, 0, 0, 0, 0, 0 )
}

[sub_resource type="SphereMesh" id=2]
radius = 2.0
height = 4.0

[node name="JumpPath" type="Path"]
transform = Transform( 1, 0, 0, 0, 1, 0, 0, 0, 1, 0, 16.2734, -67.9236 )
curve = SubResource( 1 )
script = ExtResource( 1 )
OFFSET_LENGTH = 1.0

[node name="PathFollow1" type="PathFollow" parent="."]
transform = Transform( 1, 0, 0, 0, -0.0889143, 0.996039, 0, -0.996039, -0.0889143, 0, -16.2788, 67.5109 )

[node name="MeshInstance" type="MeshInstance" parent="PathFollow1"]
mesh = SubResource( 2 )
material/0 = null

[node name="PathFollow2" type="PathFollow" parent="."]
transform = Transform( 1, 0, 0, 0, 0.979624, 0.200842, 0, -0.200842, 0.979624, 0, -16.2788, 67.5109 )

[node name="MeshInstance2" type="MeshInstance" parent="PathFollow2"]
transform = Transform( 1, 0, 0, 0, 0.112944, 0.9936, 0, -0.9936, 0.112944, 0, 0, 0 )
mesh = SubResource( 2 )
material/0 = null

[node name="PathFollow3" type="PathFollow" parent="."]
transform = Transform( 1, 0, 0, 0, 0.979624, 0.200842, 0, -0.200842, 0.979624, 0, -16.2788, 67.5109 )

[node name="MeshInstance3" type="MeshInstance" parent="PathFollow3"]
transform = Transform( 1, 0, 0, 0, 0.112944, 0.9936, 0, -0.9936, 0.112944, 0, 0, 0 )
mesh = SubResource( 2 )
material/0 = null

[node name="PathFollow4" type="PathFollow" parent="."]
transform = Transform( 1, 0, 0, 0, 0.979624, 0.200842, 0, -0.200842, 0.979624, 0, -16.2788, 67.5109 )

[node name="MeshInstance4" type="MeshInstance" parent="PathFollow4"]
transform = Transform( 1, 0, 0, 0, 0.112944, 0.9936, 0, -0.9936, 0.112944, 0, 0, 0 )
mesh = SubResource( 2 )
material/0 = null

[node name="PathFollow5" type="PathFollow" parent="."]
transform = Transform( 1, 0, 0, 0, 0.931158, 0.364613, 0, -0.364613, 0.931158, 0, -16.2788, 67.5109 )

[node name="MeshInstance2" type="MeshInstance" parent="PathFollow5"]
transform = Transform( 1, 0, 0, 0, 0.999996, 0.00243445, 0, -0.00243445, 0.999996, 0, 0, 0 )
mesh = SubResource( 2 )
material/0 = null

[node name="PathFollow6" type="PathFollow" parent="."]
transform = Transform( 1, 0, 0, 0, 0.979624, 0.200842, 0, -0.200842, 0.979624, 0, -16.2788, 67.5109 )

[node name="MeshInstance5" type="MeshInstance" parent="PathFollow6"]
transform = Transform( 1, 0, 0, 0, 0.112944, 0.9936, 0, -0.9936, 0.112944, 0, 0, 0 )
mesh = SubResource( 2 )
material/0 = null

[node name="PathFollow7" type="PathFollow" parent="."]
transform = Transform( 1, 0, 0, 0, 0.979624, 0.200842, 0, -0.200842, 0.979624, 0, -16.2788, 67.5109 )

[node name="MeshInstance6" type="MeshInstance" parent="PathFollow7"]
transform = Transform( 1, 0, 0, 0, 0.112944, 0.9936, 0, -0.9936, 0.112944, 0, 0, 0 )
mesh = SubResource( 2 )
material/0 = null

[node name="PathFollow8" type="PathFollow" parent="."]
transform = Transform( 1, 0, 0, 0, 0.967105, 0.254381, 0, -0.254381, 0.967105, 0, -16.2788, 67.5109 )

[node name="MeshInstance3" type="MeshInstance" parent="PathFollow8"]
transform = Transform( 1, 0, 0, 0, 0.999996, 0.00243446, 0, -0.00243446, 0.999996, 0, 0, 0 )
mesh = SubResource( 2 )
material/0 = null
